             99	        57.4112	        8.80415	            170	190304-10:39
            495	       -41.9617	        3.43579	            170	190304-10:39
            522	        410.461	         8.6288	            170	190304-10:39
            252	        -91.807	        15.2016	            172	190304-10:39
            459	        359.344	        5.80856	            172	190304-10:39
            117	        553.894	        4.66277	            174	190304-10:39
        632.571	       -92.0977	        14.9574	            174	190304-10:39
            180	        91.7435	        8.26215	            176	190304-10:39
            459	        652.313	        5.76219	            176	190304-10:39
            648	       -735.092	        6.04162	            176	190304-10:39
          147.6	        392.303	        4.46575	            178	190304-10:39
             81	        743.866	         3.1921	            180	190304-10:39
            648	       -485.992	        9.05175	            182	190304-10:39
            126	        154.114	        7.76494	            186	190304-10:39
            531	        -212.86	        2.07023	            186	190304-10:39
            585	       -431.061	         8.8888	            186	190304-10:39
            642	       -138.346	        6.39509	            186	190304-10:39
            351	       -559.998	        4.36933	            188	190304-10:39
            711	        744.629	        1.91601	            188	190304-10:39
            642	       -92.3157	        12.4695	            192	190304-10:39
            333	       -338.745	        5.69854	            198	190304-10:39
            374	       -91.8918	        13.9005	            200	190304-10:39
            585	        715.637	        5.10042	            200	190304-10:39
            642	        -91.807	        7.50529	            200	190304-10:39
            153	       -91.5527	        15.1152	            202	190304-10:39
            369	       -282.288	        10.0029	            202	190304-10:39
        426.857	       -91.8797	        7.61476	            202	190304-10:39
            369	       -91.5527	        16.4267	            204	190304-10:39
            441	        401.306	        3.80472	            204	190304-10:39
            690	        -91.807	        18.3535	            206	190304-10:39
            171	       -92.1249	        15.5535	            208	190304-10:39
          550.8	       -92.0105	        18.1028	            208	190304-10:39
        208.286	       -91.9887	        18.6613	            210	190304-10:39
            585	       -127.411	        4.97664	            210	190304-10:39
            603	       -312.042	        6.32637	            210	190304-10:39
        408.462	       -91.9635	        14.6924	            212	190304-10:39
             81	       -91.5527	        16.0733	            214	190304-10:39
            387	       -366.974	        4.95234	            214	190304-10:39
            387	       -247.192	        2.74569	            214	190304-10:39
            603	        92.3157	        8.90266	            214	190304-10:39
             63	        449.371	        7.20555	            216	190304-10:39
            261	       -91.9342	         17.488	            216	190304-10:39
            315	       -202.942	        3.19355	            216	190304-10:39
            117	       -91.5527	          12.84	            218	190304-10:39
            189	        91.5527	        8.06794	            218	190304-10:39
            333	       -302.887	         7.9581	            218	190304-10:39
            495	       -91.5527	        16.2967	            218	190304-10:39
            585	       -311.279	        5.91316	            218	190304-10:39
            711	        502.014	        2.21587	            218	190304-10:39
            207	       -92.3157	        18.7593	            220	190304-10:39
            474	        349.935	        5.21681	            220	190304-10:39
            510	        -91.807	        12.7352	            220	190304-10:39
            207	       -697.327	        8.15349	            222	190304-10:39
            459	       -91.5527	        8.38803	            222	190304-10:39
            666	       -91.8918	        13.6698	            222	190304-10:39
            531	        91.5527	        8.36581	            224	190304-10:39
            513	       -64.8499	        4.75177	            226	190304-10:39
            590	       -92.0614	         19.068	            226	190304-10:39
            504	       -91.9342	        14.5501	            228	190304-10:39
            531	        340.271	        6.54819	            228	190304-10:39
            576	       -183.868	        6.08543	            228	190304-10:39
            714	         91.807	        9.78748	            228	190304-10:39
             72	       -92.3157	        16.3233	            230	190304-10:39
            114	        356.547	         4.2094	            230	190304-10:39
            711	       -92.3157	        11.7663	            230	190304-10:39
             81	        187.302	         5.1957	            234	190304-10:39
            405	        650.024	         4.4836	            234	190304-10:39
            144	       -91.5527	         10.542	            238	190304-10:39
            585	        707.245	        6.94046	            238	190304-10:39
            621	       -91.9342	        15.6647	            238	190304-10:39
            126	       -246.938	        5.07877	            240	190304-10:39
            369	        513.458	        7.75927	            240	190304-10:39
            549	       -92.3157	        9.32687	            240	190304-10:39
          484.2	       -91.7816	        17.8628	            242	190304-10:39
            564	       -92.1885	        11.5316	            244	190304-10:39
            675	        91.5527	        11.8201	            244	190304-10:39
            711	        208.282	        4.17608	            244	190304-10:39
            495	       -722.504	        1.12732	            248	190304-10:39
            495	       -365.448	        5.09598	            248	190304-10:39
            657	        484.467	        4.44187	            248	190304-10:39
            711	       -777.435	        4.62018	            248	190304-10:39
             63	        421.143	        4.24944	            250	190304-10:39
            426	         91.807	        6.54038	            250	190304-10:39
            675	        91.5527	        7.50196	            250	190304-10:39
            153	       -359.726	        5.13073	            252	190304-10:39
            711	       -91.5527	        11.9292	            252	190304-10:39
            204	       -91.5527	        16.8059	            254	190304-10:39
            459	       -74.7681	         2.6914	            254	190304-10:39
            135	       -91.5527	        17.6964	            258	190304-10:39
            135	       -49.5911	        5.81365	            258	190304-10:39
            351	        312.042	        12.8107	            258	190304-10:39
            513	        196.075	        3.27751	            258	190304-10:39
             81	         433.35	        4.57749	            260	190304-10:39
            558	       -91.5527	        12.0937	            260	190304-10:39
            306	       -91.6799	        14.5579	            262	190304-10:39
            144	       -91.7435	        19.7485	            264	190304-10:39
            495	        -91.807	        16.0102	            264	190304-10:39
            177	        -91.807	         16.432	            266	190304-10:39
            567	       -92.3157	        11.8703	            266	190304-10:39
            243	        254.822	        3.46101	            268	190304-10:39
            336	       -685.883	        9.42775	            270	190304-10:39
            315	       -195.312	        3.48935	            270	190304-10:39
            693	        639.343	        6.09862	            272	190304-10:39
            270	       -91.5527	        15.9554	            274	190304-10:39
            702	       -91.5527	        15.2985	            274	190304-10:39
            117	         529.48	        4.46644	            276	190304-10:39
            153	       -91.5527	        9.54849	            276	190304-10:39
            450	       -91.6799	        10.1343	            276	190304-10:39
            405	       -312.042	        10.4751	            276	190304-10:39
            279	        293.732	        9.96573	            278	190304-10:39
            513	        167.084	        6.40146	            278	190304-10:39
            306	       -91.5527	        18.1615	            280	190304-10:39
            693	        602.722	         3.9472	            280	190304-10:39
            378	        476.837	        5.28488	            282	190304-10:39
            468	        386.429	        5.17276	            282	190304-10:39
             99	       -312.042	        6.95733	            284	190304-10:39
            162	       -165.939	        3.41278	            286	190304-10:39
            315	         50.354	        4.74735	            286	190304-10:39
            312	        92.0614	        5.79241	            286	190304-10:39
            266	       -91.8918	        14.9571	            290	190304-10:39
            162	       -91.5527	        14.1123	            292	190304-10:39
            468	        480.652	        7.35575	            292	190304-10:39
            693	        614.929	        4.64478	            292	190304-10:39
            711	       -91.5527	         10.244	            292	190304-10:39
            174	       -91.5527	        14.2319	            294	190304-10:39
            513	       -557.709	        3.17137	            294	190304-10:39
            558	       -91.5527	         17.696	            294	190304-10:39
            405	        137.329	        5.82634	            296	190304-10:39
            603	       -187.683	        5.20414	            296	190304-10:39
             72	       -92.1249	        11.4258	            298	190304-10:39
            450	        91.5527	        15.5232	            298	190304-10:39
            549	       -686.646	        3.72193	            298	190304-10:39
             99	       -91.9342	        15.5006	            300	190304-10:39
            693	        71.7163	        3.42458	            300	190304-10:39
          478.8	       -92.1631	         19.234	            302	190304-10:39
            141	       -92.3157	        17.8245	            304	190304-10:39
            702	       -344.849	        6.15856	            304	190304-10:39
            549	       -91.5527	        14.8827	            306	190304-10:39
            252	       -92.3157	        7.45696	            308	190304-10:39
            441	       -92.3157	        16.5614	            308	190304-10:39
            714	       -92.0614	        12.4672	            308	190304-10:39
            711	        335.693	        4.17423	            308	190304-10:39
            162	        311.584	        8.11084	            310	190304-10:39
            495	       -91.9342	        9.96129	            310	190304-10:39
            207	       -91.9342	        15.3618	            312	190304-10:39
            315	        278.473	        5.90279	            312	190304-10:39
            459	       -416.565	         4.3509	            314	190304-10:39
            675	       -547.791	        4.39219	            314	190304-10:39
             99	        312.042	        6.80184	            316	190304-10:39
            243	       -395.966	        4.28775	            316	190304-10:39
            333	       -92.3157	        14.7243	            316	190304-10:39
            261	       -91.5527	        10.2887	            318	190304-10:39
            369	        360.107	        4.29544	            318	190304-10:39
            450	       -444.412	        4.57103	            318	190304-10:39
            477	        739.288	         6.0722	            318	190304-10:39
            657	       -83.1604	        6.57111	            318	190304-10:39
             63	        312.042	        9.01247	            320	190304-10:39
            432	        91.9342	        7.76116	            320	190304-10:39
             63	       -672.531	        5.38079	            322	190304-10:39
            189	       -91.5527	        17.9924	            324	190304-10:39
            279	        754.547	        3.37643	            324	190304-10:39
            675	        411.224	        6.36021	            324	190304-10:39
            126	       -91.9342	        17.8409	            326	190304-10:39
            432	       -91.9342	        11.7538	            326	190304-10:39
            504	        -91.807	        12.2272	            328	190304-10:39
            108	       -91.9342	        14.3171	            332	190304-10:39
            222	       -91.5527	        15.0102	            334	190304-10:39
            576	       -91.5527	        13.6979	            334	190304-10:39
            387	       -91.5527	        19.6641	            336	190304-10:39
            708	       -92.0614	        11.9824	            336	190304-10:39
             63	       -91.5527	        13.8789	            338	190304-10:39
            459	        311.279	        4.81055	            338	190304-10:39
            708	       -92.0614	        9.60728	            338	190304-10:39
             63	        312.042	        10.0074	           1700	190304-12:16
            486	       -230.408	        3.83754	           1700	190304-12:16
          688.5	       -80.8716	        7.42925	           1700	190304-12:16
             63	       -191.498	        10.5881	           1702	190304-12:16
        123.429	        311.606	        17.3155	           1702	190304-12:16
            342	         690.46	        3.86527	           1702	190304-12:16
            711	        706.482	        12.0737	           1702	190304-12:16
            117	        312.042	        12.1999	           1706	190304-12:16
            189	         63.324	        2.48866	           1706	190304-12:16
          104.4	        311.584	        4.01007	           1708	190304-12:16
        120.462	        311.749	        15.2526	           1714	190304-12:16
            459	        -433.35	        2.65432	           1714	190304-12:16
          202.5	       -312.042	        10.1282	           1716	190304-12:16
        133.714	        312.042	        19.4669	           1716	190304-12:16
            315	       -691.223	        3.44527	           1716	190304-12:16
            369	        691.223	        3.96005	           1716	190304-12:16
            477	        312.042	        8.82988	           1716	190304-12:16
            702	         573.73	        6.76961	           1716	190304-12:16
            711	        -573.73	        5.69763	           1716	190304-12:16
            603	        189.972	        3.87368	           1718	190304-12:16
            117	        312.042	        19.4783	           1720	190304-12:16
            261	       -421.906	         1.6488	           1720	190304-12:16
             99	       -476.074	         8.4868	           1722	190304-12:16
            162	        312.042	        18.4119	           1722	190304-12:16
            387	       -655.365	        1.81168	           1722	190304-12:16
            513	        312.042	        13.7096	           1722	190304-12:16
            126	       -167.084	        2.08777	           1724	190304-12:16
        632.571	         490.08	        4.00091	           1724	190304-12:16
            405	       -162.506	       0.832834	           1726	190304-12:16
            126	       -601.959	        17.5814	           1728	190304-12:16
             99	       -396.729	        18.4361	           1728	190304-12:16
          140.4	       -312.042	        15.7349	           1728	190304-12:16
          139.5	        311.852	        16.9816	           1728	190304-12:16
          104.4	        311.737	        9.03652	           1730	190304-12:16
            630	        776.672	        6.92245	           1730	190304-12:16
             81	        447.083	        9.51658	           1732	190304-12:16
          139.5	        311.852	        14.2599	           1732	190304-12:16
            234	       -312.042	        4.29609	           1732	190304-12:16
            396	       -392.151	         6.5727	           1732	190304-12:16
            126	        312.042	        18.1596	           1734	190304-12:16
            189	        312.042	        19.6313	           1736	190304-12:16
            450	        700.378	        3.53859	           1736	190304-12:16
        163.286	        311.715	        9.93352	           1738	190304-12:16
            261	        333.405	        5.06068	           1738	190304-12:16
            297	         542.45	        4.05603	           1738	190304-12:16
            495	         542.45	        7.39484	           1738	190304-12:16
            180	        312.042	          18.26	           1740	190304-12:16
            225	       -312.042	        5.43818	           1740	190304-12:16
            450	        312.042	        16.5006	           1740	190304-12:16
            135	        311.661	        18.7893	           1742	190304-12:16
            153	       -312.042	        7.15702	           1742	190304-12:16
            266	       -492.435	        1.14326	           1742	190304-12:16
            414	        312.042	        14.9541	           1742	190304-12:16
            387	       -312.042	         3.7241	           1742	190304-12:16
            648	        556.946	        4.31645	           1742	190304-12:16
            693	       -556.946	        4.23147	           1742	190304-12:16
            576	       -576.019	        19.0287	           1744	190304-12:16
            675	        557.709	         11.477	           1744	190304-12:16
            702	       -557.709	         11.634	           1744	190304-12:16
            297	        609.589	        7.36109	           1746	190304-12:16
            702	       -160.217	        14.0989	           1746	190304-12:16
            702	         342.56	         6.5188	           1746	190304-12:16
            153	       -424.957	        2.76771	           1748	190304-12:16
             99	        312.042	        15.3936	           1750	190304-12:16
            171	       -512.695	        1.77144	           1752	190304-12:16
            243	       -399.017	       0.780446	           1752	190304-12:16
            408	        385.284	        7.23242	           1752	190304-12:16
            648	       -498.962	        4.78696	           1752	190304-12:16
            117	        312.042	        16.5167	           1754	190304-12:16
            495	        700.378	        4.12354	           1754	190304-12:16
             84	         438.69	        16.6705	           1756	190304-12:16
            135	        312.042	        16.1706	           1756	190304-12:16
            225	        138.855	       0.974139	           1756	190304-12:16
            423	        138.855	        3.03341	           1756	190304-12:16
          145.8	        311.737	        15.7298	           1758	190304-12:16
            468	        312.042	        9.55401	           1758	190304-12:16
            216	        144.958	        1.69404	           1760	190304-12:16
            297	       -159.454	         1.7378	           1760	190304-12:16
            315	        371.552	        3.30958	           1760	190304-12:16
            495	       -268.555	        3.92301	           1760	190304-12:16
            495	       -73.2422	        3.43586	           1760	190304-12:16
            603	        749.207	        5.29949	           1760	190304-12:16
             81	        637.817	        7.97809	           1762	190304-12:16
            126	        311.915	        18.5268	           1762	190304-12:16
            369	       -646.973	        10.8761	           1762	190304-12:16
            243	       -83.1604	        2.44792	           1762	190304-12:16
            360	        535.583	        4.57429	           1762	190304-12:16
            423	        646.973	        9.63864	           1762	190304-12:16
            549	       -646.973	        14.0809	           1762	190304-12:16
            711	        273.895	        7.95332	           1762	190304-12:16
             99	       -312.042	        15.0637	           1764	190304-12:16
            135	        312.042	         19.952	           1764	190304-12:16
            153	       -666.046	        2.17644	           1764	190304-12:16
            441	        312.042	        17.0884	           1764	190304-12:16
             99	       -682.068	        2.32797	           1770	190304-12:16
             99	        312.042	        19.1594	           1770	190304-12:16
         204.75	        682.068	        5.81883	           1770	190304-12:16
            558	        311.279	        11.0908	           1770	190304-12:16
            684	       -618.744	        13.1411	           1770	190304-12:16
            702	        618.744	        14.6367	           1770	190304-12:16
            117	       -312.042	        8.72433	           1772	190304-12:16
            117	         155.64	        1.78063	           1772	190304-12:16
            126	        312.042	        19.5718	           1772	190304-12:16
            261	        223.541	         1.3321	           1774	190304-12:16
            405	       -759.125	        1.92662	           1774	190304-12:16
        156.857	        488.281	         7.2464	           1776	190304-12:16
            207	       -175.476	        1.14397	           1776	190304-12:16
            207	       -564.575	       0.613824	           1778	190304-12:16
            297	       -643.921	        2.91017	           1778	190304-12:16
            567	        337.982	        2.74528	           1780	190304-12:16
            666	       -135.803	        4.42291	           1780	190304-12:16
            126	        312.042	        12.2352	           1782	190304-12:16
            567	       -241.852	        5.68677	           1782	190304-12:16
          104.4	        311.737	        17.9487	           1784	190304-12:16
            153	       -269.318	        2.14986	           1784	190304-12:16
            182	       -312.042	        13.1407	           1786	190304-12:16
            402	        774.384	        2.63384	           1786	190304-12:16
            168	        311.788	        19.6088	           1788	190304-12:16
            243	       -311.279	        4.52487	           1788	190304-12:16
            369	        114.441	        2.20965	           1788	190304-12:16
            630	        370.789	        11.4641	           1788	190304-12:16
            684	       -244.141	        4.59687	           1790	190304-12:16
            693	        380.707	        6.63018	           1790	190304-12:16
             72	        335.693	        7.31864	           1792	190304-12:16
            108	        312.042	        18.7933	           1792	190304-12:16
            117	        139.999	        1.14025	           1792	190304-12:16
            153	        78.5828	        1.90168	           1792	190304-12:16
            693	       -242.615	        6.15057	           1794	190304-12:16
            126	        311.661	        19.2843	           1796	190304-12:16
            180	        511.169	       0.865066	           1796	190304-12:16
            396	       -519.562	        7.46967	           1796	190304-12:16
            135	        312.042	         9.6704	           1800	190304-12:16
             63	        -677.49	        5.57969	           1804	190304-12:16
            144	        312.042	        13.7898	           1804	190304-12:16
            198	       -134.277	        1.86564	           1804	190304-12:16
            306	        654.602	        2.19427	           1804	190304-12:16
            342	       -437.927	        4.17756	           1806	190304-12:16
            594	        312.042	        15.3875	           1806	190304-12:16
             72	       -234.222	        12.3979	           1808	190304-12:16
        139.091	        311.695	        10.0641	           1808	190304-12:16
            459	       -491.333	        6.47339	           1808	190304-12:16
             60	        741.323	        10.3005	           1810	190304-12:16
            117	        312.042	        14.4643	           1810	190304-12:16
            126	        312.042	        7.67798	           1812	190304-12:16
            315	        230.408	        1.52023	           1812	190304-12:16
            108	        312.042	        12.9564	           1814	190304-12:16
            576	        197.601	        4.20821	           1814	190304-12:16
            162	        312.042	        16.7867	           1816	190304-12:16
            351	        682.831	        3.23508	           1816	190304-12:16
            387	       -311.279	        4.27268	           1816	190304-12:16
            450	        311.279	        7.86256	           1816	190304-12:16
            567	       -531.769	        7.41321	           1816	190304-12:16
            135	        312.042	        19.4873	           1818	190304-12:16
            441	        608.826	        3.47835	           1818	190304-12:16
            468	        423.431	          4.591	           1818	190304-12:16
            135	        312.042	        9.83129	           1820	190304-12:16
            621	        453.186	        13.2611	           1820	190304-12:16
            666	       -453.186	        11.4883	           1820	190304-12:16
             99	        214.386	        4.47482	           1822	190304-12:16
            141	        311.915	        15.0597	           1822	190304-12:16
            549	       -528.717	        5.83936	           1822	190304-12:16
            126	        312.042	        16.0656	           1824	190304-12:16
            414	        263.977	        2.12132	           1824	190304-12:16
            675	       -251.007	        4.10497	           1824	190304-12:16
            171	       -312.042	        4.28785	           1826	190304-12:16
            153	        312.042	        13.4456	           1826	190304-12:16
            297	        468.445	        4.04787	           1826	190304-12:16
            558	        312.042	        12.8004	           1826	190304-12:16
        164.571	        312.042	        18.2404	           1828	190304-12:16
            153	        759.125	        4.16852	           1828	190304-12:16
            207	       -312.042	        7.91161	           1828	190304-12:16
            414	        527.191	        6.86443	           1828	190304-12:16
            135	        312.042	        12.8992	           1830	190304-12:16
            117	        312.042	        8.90188	           1832	190304-12:16
            414	       -739.288	        3.84582	           1832	190304-12:16
            153	        312.042	        16.4543	           1834	190304-12:16
        492.429	        311.715	        14.0639	           1834	190304-12:16
            117	        312.042	        7.50502	           1836	190304-12:16
            324	        732.422	        3.83348	           1836	190304-12:16
            477	        312.042	        15.1799	           1836	190304-12:16
            117	        312.042	        15.5714	           1838	190304-12:16
            126	        312.042	        19.0415	           1840	190304-12:16
            153	        312.042	        14.0731	           1842	190304-12:16
            468	        312.042	        15.8212	           1842	190304-12:16
            117	        312.042	        14.0966	           1846	190304-12:16
             63	       -453.186	        16.4669	           1848	190304-12:16
            162	        312.042	        13.9632	           1848	190304-12:16
            396	       -705.719	        3.80371	           1848	190304-12:16
            135	        312.042	        13.1727	           1852	190304-12:16
            225	       -312.042	        4.66917	           1852	190304-12:16
            450	        312.042	        10.7171	           1852	190304-12:16
            117	        311.661	        13.8782	           1854	190304-12:16
            441	        311.279	        12.0875	           1854	190304-12:16
        138.462	         311.69	        18.9249	           1856	190304-12:16
            243	       -721.741	        3.34123	           1856	190304-12:16
             99	       -311.279	        9.86411	           1858	190304-12:16
         119.25	        311.756	        17.8706	           1858	190304-12:16
            126	        312.042	        17.9827	           1860	190304-12:16
            180	        489.044	        2.12403	           1860	190304-12:16
            132	        311.788	        16.8391	           1862	190304-12:16
             81	       -695.038	        10.2729	           1864	190304-12:16
            126	        312.042	        12.8403	           1866	190304-12:16
            234	        -781.25	        2.89534	           1866	190304-12:16
            144	        312.042	        14.7876	           1868	190304-12:16
            234	       -312.042	        3.04205	           1868	190304-12:16
            108	        312.042	        13.7286	           2040	190304-12:16
            504	        312.042	        13.0467	           2040	190304-12:16
            522	        283.813	        5.89546	           2040	190304-12:16
            576	       -379.181	         5.3062	           2040	190304-12:16
        675.818	        449.094	        12.2715	           2040	190304-12:16
            288	        634.003	        3.12547	           2042	190304-12:16
            396	       -634.003	        7.11905	           2042	190304-12:16
            702	       -763.702	        4.99739	           2042	190304-12:16
             90	        311.661	        11.5063	           2044	190304-12:16
            594	        312.042	        10.6156	           2044	190304-12:16
            675	        743.866	        10.7702	           2044	190304-12:16
         128.25	        311.565	        10.7176	           2046	190304-12:16
            441	       -203.705	        1.57461	           2046	190304-12:16
             81	        312.042	        14.0335	           2048	190304-12:16
          129.6	        -311.89	        19.4402	           2052	190304-12:16
          121.5	       -230.408	        2.18095	           2052	190304-12:16
            117	       -364.685	        3.69716	           2052	190304-12:16
            153	       -492.859	        5.86696	           2052	190304-12:16
        208.286	        311.497	        18.8801	           2052	190304-12:16
             60	       -164.541	        2.56624	           2054	190304-12:16
            162	        311.715	        19.9925	           2054	190304-12:16
             72	       -311.661	        6.15098	           2058	190304-12:16
            148	        311.534	        19.2575	           2058	190304-12:16
            126	       -637.054	        3.68414	           2058	190304-12:16
            522	        436.401	        11.5229	           2058	190304-12:16
            648	        428.009	        4.80151	           2058	190304-12:16
            135	       -276.184	        6.11919	           2060	190304-12:16
            159	       -178.528	        9.06248	           2060	190304-12:16
            189	        312.042	        14.1448	           2062	190304-12:16
            333	       -757.599	        2.51651	           2064	190304-12:16
            585	        267.792	        2.76173	           2064	190304-12:16
             63	        312.042	        19.1624	           2066	190304-12:16
            117	       -534.058	        1.96666	           2066	190304-12:16
            207	        312.042	        18.6143	           2068	190304-12:16
          115.2	        311.813	        17.7979	           2070	190304-12:16
            144	       -288.391	        2.43511	           2070	190304-12:16
            108	        312.042	        17.6838	           2072	190304-12:16
            126	       -726.318	        2.00236	           2072	190304-12:16
            297	        211.334	        1.32785	           2072	190304-12:16
            297	       -311.279	        14.8042	           2074	190304-12:16
            180	        311.661	        19.7324	           2074	190304-12:16
        447.429	        311.497	        15.5437	           2074	190304-12:16
          122.4	        311.966	        15.7899	           2078	190304-12:16
            135	       -312.042	        7.20387	           2078	190304-12:16
          328.5	       -775.909	        4.32233	           2078	190304-12:16
            117	        312.042	        16.6372	           2080	190304-12:16
            315	       -312.042	        3.17593	           2080	190304-12:16
            603	       -666.809	        7.29638	           2080	190304-12:16
        675.818	       -299.558	        9.55047	           2080	190304-12:16
             99	        -225.83	        1.48632	           2082	190304-12:16
          122.4	        312.042	        17.7561	           2084	190304-12:16
        115.714	        311.933	        19.8546	           2086	190304-12:16
            144	       -312.042	        19.7378	           2086	190304-12:16
            297	        361.633	        7.72073	           2086	190304-12:16
            342	       -361.633	        4.99623	           2086	190304-12:16
            603	        361.633	        14.2702	           2086	190304-12:16
            630	       -361.633	        12.0954	           2086	190304-12:16
            666	       -275.421	        10.4253	           2086	190304-12:16
            153	        312.042	        15.6118	           2088	190304-12:16
            486	        312.042	        10.7584	           2088	190304-12:16
             99	        312.042	        7.36906	           2090	190304-12:16
             81	       -137.329	        1.23925	           2092	190304-12:16
             99	        312.042	        18.3778	           2092	190304-12:16
            126	        312.042	        13.5634	           2094	190304-12:16
            135	        696.564	        3.42829	           2094	190304-12:16
        472.909	        311.695	        10.5999	           2094	190304-12:16
            126	        312.042	        14.8912	           2096	190304-12:16
            126	        312.042	        14.3975	           2098	190304-12:16
            531	        -122.07	        2.78892	           2098	190304-12:16
             99	        312.042	        6.57681	           2100	190304-12:16
            234	       -376.129	        2.63788	           2100	190304-12:16
            585	       -519.562	        8.89617	           2100	190304-12:16
            693	       -371.552	        5.34335	           2100	190304-12:16
             81	        312.042	        8.64083	           2102	190304-12:16
            144	        312.042	        18.3926	           2106	190304-12:16
            261	        248.718	        1.23379	           2106	190304-12:16
            684	       -361.633	        5.94969	           2106	190304-12:16
            117	        312.042	        6.79452	           2108	190304-12:16
            639	       -137.329	        8.27884	           2108	190304-12:16
            171	        312.042	        13.1767	           2110	190304-12:16
            351	        684.357	        4.82973	           2110	190304-12:16
             63	       -456.238	         2.6496	           2112	190304-12:16
        118.286	        311.497	        14.3968	           2112	190304-12:16
            234	       -652.313	        3.04335	           2112	190304-12:16
            378	       -114.441	        1.55607	           2112	190304-12:16
             99	        312.042	        16.5541	           2114	190304-12:16
            630	         472.26	        13.0423	           2114	190304-12:16
            171	        312.042	        19.6803	           2116	190304-12:16
            162	        312.042	        18.6741	           2118	190304-12:16
            135	        312.042	        16.3508	           2122	190304-12:16
          273.6	       -312.042	        6.94791	           2122	190304-12:16
          154.8	        311.966	        17.7765	           2124	190304-12:16
            396	        312.042	        5.71131	           2124	190304-12:16
            144	       -585.175	        4.06954	           2126	190304-12:16
            153	        312.042	        17.8196	           2126	190304-12:16
            279	        585.175	        3.60843	           2126	190304-12:16
            459	        -50.354	         6.5106	           2126	190304-12:16
            135	       -312.042	        10.6635	           2128	190304-12:16
            180	        312.042	        14.4516	           2128	190304-12:16
            261	       -274.658	        1.68636	           2128	190304-12:16
            495	       -110.626	        5.44279	           2128	190304-12:16
            567	       -628.662	          11.01	           2128	190304-12:16
            135	       -311.661	        9.79133	           2130	190304-12:16
          122.4	        311.584	        19.9142	           2130	190304-12:16
            108	        327.301	        5.26743	           2130	190304-12:16
            333	       -312.042	        7.51423	           2130	190304-12:16
            378	        526.428	        5.06115	           2130	190304-12:16
            348	       -622.559	        3.58946	           2132	190304-12:16
            441	       -761.414	        2.60256	           2132	190304-12:16
            423	       -416.565	        3.05208	           2134	190304-12:16
            126	       -312.042	        8.45771	           2136	190304-12:16
        204.545	        563.049	        6.37939	           2136	190304-12:16
            162	        312.042	        18.9306	           2136	190304-12:16
         465.75	        231.075	        8.99337	           2136	190304-12:16
            621	        231.171	        9.39409	           2136	190304-12:16
            117	        312.042	        19.7396	           2138	190304-12:16
            108	        312.042	        9.22709	           2140	190304-12:16
        221.143	       -511.932	        3.71156	           2140	190304-12:16
            135	       -312.042	        3.44637	           2140	190304-12:16
             90	        312.042	        19.0828	           2142	190304-12:16
             99	        312.042	        4.60369	           2144	190304-12:16
            369	       -344.849	        3.26003	           2144	190304-12:16
            675	       -81.6345	        6.99128	           2144	190304-12:16
            675	        502.777	        8.07074	           2144	190304-12:16
            135	        311.852	        12.7553	           2146	190304-12:16
            225	       -312.042	        6.51089	           2146	190304-12:16
            468	        312.042	        15.1816	           2146	190304-12:16
          139.5	        311.852	        10.8367	           2148	190304-12:16
            144	       -229.645	        2.04099	           2148	190304-12:16
            486	        312.042	        11.4169	           2148	190304-12:16
             81	        96.1304	        1.87069	           2150	190304-12:16
          140.4	         311.89	         10.001	           2150	190304-12:16
            234	        557.709	        1.72326	           2150	190304-12:16
            504	         303.65	        4.05956	           2150	190304-12:16
            162	        312.042	        11.0436	           2152	190304-12:16
            270	       -312.042	        5.56948	           2152	190304-12:16
            542	       -576.019	        18.3354	           2152	190304-12:16
            486	        312.042	        15.8397	           2152	190304-12:16
            144	        312.042	        6.40369	           2154	190304-12:16
            333	        338.745	        1.97084	           2154	190304-12:16
            423	       -622.559	        2.26866	           2154	190304-12:16
            495	        645.447	        3.66726	           2154	190304-12:16
            576	        696.564	        7.51084	           2154	190304-12:16
            150	        311.618	        17.3681	           2156	190304-12:16
            126	        312.042	        14.8443	           2158	190304-12:16
            171	       -71.7163	         2.5672	           2160	190304-12:16
             90	         311.47	        16.2279	           2162	190304-12:16
            306	        257.111	        2.80908	           2162	190304-12:16
            135	        312.042	        9.84546	           2164	190304-12:16
            387	        138.092	        1.04762	           2164	190304-12:16
            594	        325.775	        8.29413	           2164	190304-12:16
            108	        312.042	        13.8476	           2166	190304-12:16
            225	       -312.042	        10.6644	           2168	190304-12:16
            126	        714.111	        2.80286	           2168	190304-12:16
            225	        312.042	        18.9612	           2168	190304-12:16
            477	        312.042	        15.2361	           2168	190304-12:16
            135	        312.042	        15.9578	           2170	190304-12:16
            135	        370.026	        1.30104	           2170	190304-12:16
            162	       -312.042	        8.75585	           2170	190304-12:16
            405	        274.658	        2.05844	           2170	190304-12:16
            126	        312.042	        12.6092	           2174	190304-12:16
            711	        644.684	         4.9583	           2174	190304-12:16
             99	        312.042	        14.6013	           2176	190304-12:16
            315	       -48.8281	        3.15976	           2176	190304-12:16
            711	       -531.006	        5.04455	           2176	190304-12:16
            153	        312.042	        15.7449	           2178	190304-12:16
            261	       -312.042	        9.00393	           2178	190304-12:16
            306	        320.435	        2.41472	           2178	190304-12:16
            495	       -618.744	        7.00306	           2178	190304-12:16
            441	        621.033	        2.72943	           2180	190304-12:16
            675	        -768.28	        6.90899	           2180	190304-12:16
            130	        311.873	        19.1699	           2182	190304-12:16
            369	       -624.847	        3.40358	           2182	190304-12:16
            423	        624.847	        7.15418	           2182	190304-12:16
            693	       -215.912	        11.4885	           2182	190304-12:16
            135	       -643.921	        7.86262	           2186	190304-12:16
            306	        772.858	        1.35887	           2186	190304-12:16
            576	       -328.064	        8.26404	           2186	190304-12:16
            243	       -100.708	        1.30929	           2188	190304-12:16
            576	        632.477	        10.6847	           2188	190304-12:16
            108	        312.042	        19.4901	           2190	190304-12:16
            234	        725.555	        2.19719	           2190	190304-12:16
            531	           -737	        7.25263	           2190	190304-12:16
            140	        730.133	        9.34563	           2192	190304-12:16
         150.75	        311.756	        9.72255	           2194	190304-12:16
            153	        312.042	        16.9179	           2196	190304-12:16
            108	        705.719	        2.60962	           2196	190304-12:16
            207	       -312.042	        7.38411	           2196	190304-12:16
            267	        183.105	        1.06654	           2196	190304-12:16
            432	        312.042	        9.59634	           2196	190304-12:16
             72	       -531.769	         6.2696	           2198	190304-12:16
             63	        328.827	         7.9476	           2198	190304-12:16
             99	        312.042	        14.3405	           2198	190304-12:16
            522	        473.022	        10.0737	           2198	190304-12:16
            621	       -473.022	        11.2958	           2198	190304-12:16
            711	        196.075	        6.87784	           2198	190304-12:16
            162	        312.042	        19.8309	           2200	190304-12:16
            189	        81.6345	        2.49531	           2200	190304-12:16
            126	        311.279	        11.2815	           2202	190304-12:16
            171	       -311.279	        7.20461	           2202	190304-12:16
            189	       -260.162	         1.6014	           2202	190304-12:16
            108	        -155.64	        1.93851	           2204	190304-12:16
            144	        312.042	        14.2907	           2206	190304-12:16
            279	       -312.042	         3.5321	           2206	190304-12:16
            540	        -342.56	        4.66241	           2206	190304-12:16
            504	        311.279	        9.70552	           2206	190304-12:16
            153	        312.042	        12.1944	           2208	190304-12:16
            486	        312.042	        12.6877	           2208	190304-12:16
